[N
36
2
14 dcfifo_dffpipe
29
12 lpm_widthu_r
17
16 wrsync_delaypipe
5
9 lpm_width
9
18 underflow_checking
27
18 dcfifo_low_latency
12
12 dcfifo_async
19
13 lpm_showahead
24
23 clocks_are_synchronized
35
8 lpm_type
23
23 add_ram_output_register
7
11 lpm_widthad
3
8 behavior
31
19 dcfifo_mixed_widths
10
17 overflow_checking
32
9 add_width
11
8 lpm_mode
28
11 lpm_width_r
1
52 C:/intelFPGA/23.1std/questa_fse/intel/vhdl/altera_mf
25
8 lpm_hint
36
6 dcfifo
20
15 read_aclr_synch
21
16 write_aclr_synch
4
9 lpm_delay
8
12 lpm_numwords
15
13 delay_wrusedw
18
22 intended_device_family
30
17 add_usedw_msb_bit
33
14 ram_block_type
22
7 use_eab
13
10 lpm_widthu
34
10 enable_ecc
14
13 delay_rdusedw
16
16 rdsync_delaypipe
26
11 dcfifo_sync
6
13 dcfifo_fefifo
]
[G
1
31
3
1
24
1
0
0
0
5 0
70
65
76
83
69
1
1
1 5 1 1
]
[G
1
31
3
1
35
0
0
0
0
19 0
100
99
102
105
102
111
95
109
105
120
101
100
95
119
105
100
116
104
115
1
1
1 19 1 1
]
[G
1
31
3
1
19
1
0
0
0
3 0
79
70
70
1
1
1 3 1 1
]
[G
1
31
3
1
23
1
0
0
0
3 0
79
70
70
1
1
1 3 1 1
]
[G
1
36
3
1
17
0
0
6
0
0 0
0
0
]
[G
1
27
3
1
28
1
0
17
0
0 0
0
0
]
[G
1
26
3
1
8
0
0
16
0
0 0
0
0
]
[G
1
6
3
1
8
0
0
16
0
0 0
0
0
]
[G
1
6
3
2
8
0
0
16
0
0 0
0
0
]
[G
1
27
3
1
25
0
0
0
0
10 0
85
83
69
95
69
65
66
61
79
78
1
1
1 10 1 1
]
[G
1
12
3
1
25
0
0
0
0
10 0
85
83
69
95
69
65
66
61
79
78
1
1
1 10 1 1
]
[G
1
31
3
1
10
0
0
0
0
2 0
79
78
1
1
1 2 1 1
]
[G
1
36
3
1
5
1
0
17
0
0 0
0
0
]
[G
1
36
3
1
9
0
0
0
0
2 0
79
78
1
1
1 2 1 1
]
[G
1
26
3
1
18
0
0
0
0
9 0
67
121
99
108
111
110
101
32
86
1
1
1 9 1 1
]
[G
1
2
3
1
4
0
0
0
0
0 0
0
0
]
[G
1
2
3
2
4
0
0
1
0
0 0
0
0
]
[G
1
2
3
3
4
0
0
6
0
0 0
0
0
]
[G
1
2
3
4
4
0
0
1
0
0 0
0
0
]
[G
1
2
3
5
4
0
0
4
0
0 0
0
0
]
[G
1
2
3
6
4
0
0
1
0
0 0
0
0
]
[G
1
36
3
1
35
0
0
0
0
6 0
100
99
102
105
102
111
1
1
1 6 1 1
]
[G
1
36
3
1
19
1
0
0
0
3 0
79
70
70
1
1
1 3 1 1
]
[G
1
36
3
1
23
1
0
0
0
3 0
79
70
70
1
1
1 3 1 1
]
[G
1
36
3
1
24
1
0
0
0
5 0
70
65
76
83
69
1
1
1 5 1 1
]
[G
1
27
3
1
20
0
0
0
0
3 0
79
70
70
1
1
1 3 1 1
]
[G
1
12
3
1
20
0
0
0
0
3 0
79
70
70
1
1
1 3 1 1
]
[G
1
31
3
1
28
1
0
17
0
0 0
0
0
]
[G
1
31
3
1
25
0
0
0
0
10 0
85
83
69
95
69
65
66
61
79
78
1
1
1 10 1 1
]
[G
1
27
3
1
21
0
0
0
0
3 0
79
70
70
1
1
1 3 1 1
]
[G
1
12
3
1
21
0
0
0
0
3 0
79
70
70
1
1
1 3 1 1
]
[G
1
31
3
1
32
0
0
1
0
0 0
0
0
]
[G
1
36
3
1
10
0
0
0
0
2 0
79
78
1
1
1 2 1 1
]
[G
1
27
3
1
8
0
0
16
0
0 0
0
0
]
[G
1
12
3
1
8
0
0
16
0
0 0
0
0
]
[G
1
36
3
1
32
0
0
1
0
0 0
0
0
]
[G
1
27
3
1
15
0
0
1
0
0 0
0
0
]
[G
1
12
3
1
15
0
0
1
0
0 0
0
0
]
[G
1
31
3
1
20
0
0
0
0
3 0
79
70
70
1
1
1 3 1 1
]
[G
1
26
3
1
22
0
0
0
0
2 0
79
78
1
1
1 2 1 1
]
[G
1
12
3
1
18
0
0
0
0
9 0
67
121
99
108
111
110
101
32
86
1
1
1 9 1 1
]
[G
1
26
3
1
13
1
0
4
0
0 0
0
0
]
[G
1
31
3
1
21
0
0
0
0
3 0
79
70
70
1
1
1 3 1 1
]
[G
1
36
3
1
25
0
0
0
0
10 0
85
83
69
95
69
65
66
61
79
78
1
1
1 10 1 1
]
[G
1
27
3
1
18
0
0
0
0
9 0
67
121
99
108
111
110
101
32
86
1
1
1 9 1 1
]
[G
1
31
3
1
8
1
0
16
0
0 0
0
0
]
[G
1
31
3
1
15
0
0
1
0
0 0
0
0
]
[G
1
31
3
1
18
1
0
0
0
9 0
67
121
99
108
111
110
101
32
86
1
1
1 9 1 1
]
[G
1
36
3
1
20
0
0
0
0
3 0
79
70
70
1
1
1 3 1 1
]
[G
1
36
3
1
21
0
0
0
0
3 0
79
70
70
1
1
1 3 1 1
]
[G
1
27
3
1
30
1
0
0
0
3 0
79
70
70
1
1
1 3 1 1
]
[G
1
12
3
1
22
0
0
0
0
2 0
79
78
1
1
1 2 1 1
]
[G
1
27
3
1
13
1
0
4
0
0 0
0
0
]
[G
1
36
3
1
8
1
0
16
0
0 0
0
0
]
[G
1
12
3
1
13
1
0
4
0
0 0
0
0
]
[G
1
36
3
1
15
0
0
1
0
0 0
0
0
]
[G
1
36
3
1
18
1
0
0
0
9 0
67
121
99
108
111
110
101
32
86
1
1
1 9 1 1
]
[G
1
27
3
1
14
0
0
1
0
0 0
0
0
]
[G
1
12
3
1
14
0
0
1
0
0 0
0
0
]
[G
1
31
3
1
30
1
0
0
0
3 0
79
70
70
1
1
1 3 1 1
]
[G
1
31
3
1
33
0
0
0
0
4 0
65
85
84
79
1
1
1 4 1 1
]
[G
1
31
3
1
22
1
0
0
0
2 0
79
78
1
1
1 2 1 1
]
[G
1
31
3
1
13
1
0
4
0
0 0
0
0
]
[G
1
31
3
1
34
0
0
0
0
5 0
70
65
76
83
69
1
1
1 5 1 1
]
[G
1
27
3
1
16
0
0
4
0
0 0
0
0
]
[G
1
12
3
1
16
0
0
6
0
0 0
0
0
]
[G
1
26
3
1
5
1
0
17
0
0 0
0
0
]
[G
1
31
3
1
14
0
0
1
0
0 0
0
0
]
[G
1
26
3
1
9
0
0
0
0
2 0
79
78
1
1
1 2 1 1
]
[G
1
6
3
1
9
0
0
0
0
2 0
79
78
1
1
1 2 1 1
]
[G
1
6
3
2
9
0
0
0
0
2 0
79
78
1
1
1 2 1 1
]
[G
1
36
3
1
30
1
0
0
0
3 0
79
70
70
1
1
1 3 1 1
]
[G
1
36
3
1
33
0
0
0
0
4 0
65
85
84
79
1
1
1 4 1 1
]
[G
1
26
3
1
19
0
0
0
0
3 0
79
70
70
1
1
1 3 1 1
]
[G
1
36
3
1
22
1
0
0
0
2 0
79
78
1
1
1 2 1 1
]
[G
1
36
3
1
13
1
0
4
0
0 0
0
0
]
[G
1
31
3
1
16
0
0
6
0
0 0
0
0
]
[G
1
36
3
1
34
0
0
0
0
5 0
70
65
76
83
69
1
1
1 5 1 1
]
[G
1
26
3
1
23
0
0
0
0
3 0
79
70
70
1
1
1 3 1 1
]
[G
1
2
3
1
5
1
0
4
0
0 0
0
0
]
[G
1
2
3
2
5
1
0
4
0
0 0
0
0
]
[G
1
2
3
3
5
1
0
4
0
0 0
0
0
]
[G
1
6
3
2
7
1
0
4
0
0 0
0
0
]
[G
1
2
3
5
5
1
0
6
0
0 0
0
0
]
[G
1
2
3
6
5
1
0
6
0
0 0
0
0
]
[G
1
27
3
1
29
1
0
4
0
0 0
0
0
]
[G
1
36
3
1
14
0
0
1
0
0 0
0
0
]
[G
1
6
3
1
7
1
0
4
0
0 0
0
0
]
[G
1
2
3
4
5
1
0
5
0
0 0
0
0
]
[G
1
27
3
1
17
0
0
4
0
0 0
0
0
]
[G
1
26
3
1
10
0
0
0
0
2 0
79
78
1
1
1 2 1 1
]
[G
1
6
3
1
10
0
0
0
0
2 0
79
78
1
1
1 2 1 1
]
[G
1
6
3
2
10
0
0
0
0
2 0
79
78
1
1
1 2 1 1
]
[G
1
27
3
1
5
1
0
17
0
0 0
0
0
]
[G
1
27
3
1
9
0
0
0
0
2 0
79
78
1
1
1 2 1 1
]
[G
1
12
3
1
5
1
0
17
0
0 0
0
0
]
[G
1
12
3
1
9
0
0
0
0
2 0
79
78
1
1
1 2 1 1
]
[G
1
12
3
1
17
0
0
6
0
0 0
0
0
]
[G
1
27
3
1
19
0
0
0
0
3 0
79
70
70
1
1
1 3 1 1
]
[G
1
12
3
1
19
0
0
0
0
3 0
79
70
70
1
1
1 3 1 1
]
[G
1
6
3
1
11
0
0
0
0
5 0
87
82
73
84
69
1
1
1 5 1 1
]
[G
1
6
3
2
11
0
0
0
0
4 0
82
69
65
68
1
1
1 4 1 1
]
[G
1
12
3
1
24
0
0
0
0
5 0
70
65
76
83
69
1
1
1 5 1 1
]
[G
1
31
3
1
29
1
0
4
0
0 0
0
0
]
[G
1
31
3
1
17
0
0
6
0
0 0
0
0
]
[G
1
12
3
1
23
0
0
0
0
3 0
79
70
70
1
1
1 3 1 1
]
[G
1
36
3
1
16
0
0
6
0
0 0
0
0
]
[G
1
31
3
1
5
1
0
17
0
0 0
0
0
]
[G
1
31
3
1
9
0
0
0
0
2 0
79
78
1
1
1 2 1 1
]
[G
1
27
3
1
10
0
0
0
0
2 0
79
78
1
1
1 2 1 1
]
[G
1
12
3
1
10
0
0
0
0
2 0
79
78
1
1
1 2 1 1
]
