0000100001
0000100010
0000100100
0001000001
0001000010
0001000100
0001100001
0001100010
0001100100
0010000001
0010000010
0010000100
0100000001
0100000010
0100000100
0100001000
0100010000
0101000001
0101000010
0101000100
0101001000
0101010000
0101100001
0101100010
0101100100
0101101000
0101110000
0100000001
0100000010
0100000100
0100001000
0100010000
1000000001
1000000010
1000000100
1000001000
1000010000
1000100001
1000100010
1000100100
1000101000
1000110001
1000110010
1000110100
1000110001
1000000001
1000000010
1000000100
1000001000
1000010000
1000000001
1000000010
1000000100
1000001000
1000010000
1100000001
1100000010
1100000100
1100001000
1101000001
1101000010
1101000100
1101001000
1101100001
1101000010
1101000100
1101001000
1110001001
1110000010
1110000100
1110001000