10001000000010000000000000000001
10001000000010000000000000000010
10001000000010000000000000000100
10010000000100000000000000000001
10010000000100000000000000000010
10010000000100000000000000000100
10010000000100000000000000001000
10010000000100000000000000010000
10011000000110000000000000000001
10011000000110000000000000000010
10011000000110000000000000000100
10011000000110000000000000001000
10011000000110000000000000010000
10100000001000000000000000010001
10100000001000000000000000000010
10100000001000000000000000000100
10100000001000000000000000001000