0000100001
0000100010
0000100100
0001000001
0001000010
0001000100
0001100001
0001100010
0001100100
0010000001
0010000010
0010000100
0100000001
0100000010
0100000100
0100001000
0100010000
0101000001
0101000010
0101000100
0101001000
0101010000
0101100001
0101100010
0101100100
0101101000
0101110000
0110000001
0110000010
0110000100
0110001000
0110010000
1000000001
1000000010
1000000100
1000001000
1000010000
1000100001
1000100010
1000100100
1000101000
1000110000
1001100001
1001100010
1001100100
1001101000
1001110000
1010000001
1010000010
1010000100
1010001000
1010010000
1100000001
1100000010
1100000100
1100001000
1100100001
1100100010
1100100100
1100101000
1101000001
1101000010
1101000100
1101001000
1110000001
1110000010
1110000100
1110001000